38 9231
38 9232
39 9233
35 27318
35 27319
35 27320
40 38709
40 38710
40 38711
38 68583
38 68584
40 68585
40 68586
40 68587
41 68588
15 74856
15 74857
15 74858
34 74877
34 74878
34 74879
37 82725
37 82726
37 82727
39 90585
39 90586
39 90587
38 114567
38 114568
38 114569
10 133803
10 133804
12 133805
38 138138
38 138139
39 138140
33 140094
33 140095
35 140096
39 191538
39 191539
40 191540
33 191550
33 191551
35 191552
36 199068
36 199069
38 199070
38 199455
38 199456
40 199457
33 199830
33 199831
35 199832
33 199833
33 199834
35 199835
36 199839
36 199840
38 199841
